Pinicial Pfinal Longitud_A* Longitud_HPA* Tiempo_A* Tiempo_preprocesamiento_HPA* Tiempo_ES_HPA* Tiempo_refinamiento_HPA* Nodos_A* Nodos_HPA* %error
(35,148) (267,86) 240 267 0.62928771 0.85675342 0.00219057 6.4876E-4 7058 495 11.25 
(224,35) (29,128) NaN NaN NaN NaN NaN NaN NaN NaN NaN 
(33,187) (224,91) 266 285 1.1558073 0.85675342 0.00212761 6.1623E-4 13008 830 7.14 
(88,259) (142,196) 76 81 0.08461507 0.85675342 0.00186925 2.371E-5 1039 70 6.57 
(107,108) (235,161) 139 153 0.03529334 0.85675342 0.00170549 3.21E-5 467 103 10.07 
(110,181) (236,113) 186 197 0.36976239 0.85675342 0.00210948 1.6941E-4 4517 345 5.91 
(160,68) (261,118) 110 117 0.08233779 0.85675342 0.00219351 4.644E-5 1007 97 6.36 
(86,81) (61,102) 26 30 0.0020817 0.85675342 0.00213015 4.89E-6 25 16 15.38 
(275,121) (241,143) 35 40 0.00283082 0.85675342 0.00232321 8.63E-6 34 21 14.28 
(176,48) (192,135) 119 137 0.18647453 0.85675342 0.00162667 9.209E-5 2266 169 15.12 
(197,94) (114,194) 218 229 0.67014006 0.85675342 0.00258832 2.4717E-4 7503 503 5.04 
(225,179) (248,235) 57 63 0.00440709 0.85675342 0.00221081 1.295E-5 56 41 10.52 
(173,56) (250,222) 170 185 0.07114378 0.85675342 0.00210156 4.73E-5 878 182 8.82 
(121,80) (81,176) 107 113 0.09585623 0.85675342 0.00167588 2.268E-5 1200 114 5.6 
(216,269) (114,270) 199 220 0.40443514 0.85675342 0.00139058 1.4125E-4 4784 407 10.55 
(66,233) (253,251) 195 207 0.33600231 0.85675342 0.00202795 7.477E-5 3944 310 6.15 
(44,179) (223,118) 231 251 1.02847247 0.85675342 0.0021444 3.1794E-4 11052 717 8.65 
(194,280) (203,240) 124 137 0.25456591 0.85675342 0.00171376 6.35E-5 3071 254 10.48 
(200,111) (103,31) 171 186 0.35754564 0.85675342 0.00182623 1.1453E-4 4230 368 8.77 
(236,166) (192,229) 105 112 0.23049771 0.85675342 0.00202707 4.721E-5 2764 189 6.66 
(234,51) (235,127) NaN NaN NaN NaN NaN NaN NaN NaN NaN 
(188,140) (194,210) 111 116 0.26050329 0.85675342 0.00158363 4.992E-5 3097 210 4.5 
(265,96) (224,241) 146 152 0.01198899 0.85675342 0.00196708 2.094E-5 145 80 4.1 
(121,253) (46,162) 188 196 0.30825761 0.85675342 0.00157787 6.835E-5 3788 277 4.25 
(51,158) (192,143) 170 183 0.3767527 0.85675342 0.00200533 7.525E-5 4451 289 7.64 
(44,135) (238,202) 211 231 0.46305776 0.85675342 0.00211359 1.3646E-4 5413 429 9.47 
(152,193) (126,87) 136 139 0.09468137 0.85675342 0.00170467 2.106E-5 1191 105 2.2 
(108,190) (87,97) 142 151 0.26013066 0.85675342 0.00206523 5.757E-5 3202 240 6.33 
(238,173) (193,186) 228 241 1.29838141 0.85675342 0.00166795 5.6714E-4 13231 942 5.7 
(74,103) (257,131) 184 198 0.21624573 0.85675342 0.00211468 4.972E-5 2664 228 7.6 
(224,128) (88,241) 236 247 0.70376043 0.85675342 0.00208699 3.3985E-4 7934 692 4.66 
(213,117) (161,190) 232 245 1.30249025 0.85675342 0.00147853 4.876E-4 13220 931 5.6 
(73,240) (214,129) 236 253 0.80676129 0.85675342 0.00214286 2.3726E-4 9126 639 7.2 
(275,69) (44,202) 303 331 1.32161562 0.85675342 0.00105341 6.1002E-4 13568 1047 9.24 
(252,81) (48,159) 248 269 0.95328971 0.85675342 0.00210034 3.2098E-4 10460 749 8.46 
(104,264) (248,272) 226 242 0.28716604 0.85675342 0.00153686 6.588E-5 3530 319 7.07 
(260,78) (73,113) 205 225 0.7484733 0.85675342 0.00161433 2.3545E-4 8395 613 9.75 
(103,47) (275,82) 195 215 0.28316304 0.85675342 0.00190588 7.057E-5 3380 305 10.25 
(185,275) (246,218) 83 89 0.05084078 0.85675342 0.0020164 1.014E-5 623 78 7.22 
(231,25) (266,102) 183 194 0.11947008 0.85675342 0.00195901 2.252E-5 1464 151 6.01 
(92,210) (229,226) 145 150 0.19806104 0.85675342 0.00213687 3.164E-5 2464 190 3.44 
(138,205) (60,151) 155 162 0.31193952 0.85675342 0.00124339 5.727E-5 3836 269 4.51 
(298,64) (161,71) NaN NaN NaN NaN NaN NaN NaN NaN NaN 
(250,127) (202,277) 157 163 0.21949954 0.85675342 0.00202692 3.872E-5 2625 182 3.82 
(245,95) (230,47) NaN NaN NaN NaN NaN NaN NaN NaN NaN 
(200,108) (85,178) 192 208 0.5369207 0.85675342 7.3956E-4 1.3474E-4 6181 440 8.33 
(58,163) (96,211) 114 118 0.24655526 0.85675342 0.00212927 2.77E-5 2913 159 3.5 
(132,42) (89,90) 93 101 0.04568093 0.85675342 7.4494E-4 6.1E-6 601 60 8.6 
(270,129) (166,57) 130 139 0.32306427 0.85675342 9.9837E-4 6.581E-5 3777 283 6.92 
(108,220) (45,137) 139 147 0.24582979 0.85675342 0.00216171 4.637E-5 3008 226 5.75 
(30,117) (48,103) 61 66 0.09229035 0.85675342 0.00112818 1.027E-5 1110 80 8.19 
(247,111) (90,274) 284 298 1.21723101 0.85675342 0.00144466 4.669E-4 12501 899 4.92 
(183,128) (224,152) 42 50 0.00334138 0.85675342 0.00198704 1.95E-6 41 14 19.04 
(24,137) (297,63) NaN NaN NaN NaN NaN NaN NaN NaN NaN 
(223,193) (234,165) 29 33 0.00295455 0.85675342 0.00215114 1.6E-6 36 8 13.79 
(204,272) (109,118) 227 245 0.56950417 0.85675342 0.00158587 1.8034E-4 6582 520 7.92 
(43,144) (41,200) 57 58 0.0046203 0.85675342 0.00211603 3.63E-6 56 13 1.75 
(126,53) (241,207) 162 175 0.03694982 0.85675342 0.00148091 1.95E-5 479 114 8.02 
(46,217) (224,200) 206 215 0.54381712 0.85675342 0.00208918 1.2287E-4 6365 426 4.36 
(56,98) (69,257) 160 165 0.08679246 0.85675342 0.00149411 1.355E-5 1098 92 3.12 
(188,222) (60,135) 221 230 0.38246156 0.85675342 0.00138969 8.469E-5 4644 350 4.07 
(24,175) (254,222) 254 268 0.68369085 0.85675342 0.00195885 1.5896E-4 7816 516 5.51 
(208,150) (23,153) 186 207 0.38057199 0.85675342 0.00189121 1.3719E-4 4534 428 11.29 
(69,107) (227,273) 258 277 0.83035172 0.85675342 0.00182316 2.9634E-4 9204 684 7.36 
(106,164) (167,82) 203 223 0.59254078 0.85675342 0.00206638 1.963E-4 7044 566 9.85 
(64,118) (193,75) NaN NaN NaN NaN NaN NaN NaN NaN NaN 
(76,255) (130,209) 55 62 0.00447003 0.85675342 0.00111196 5.08E-6 54 39 12.72 
(263,75) (118,127) 170 184 0.56504412 0.85675342 0.00199318 1.4138E-4 6644 457 8.23 
(41,122) (106,240) 152 158 0.26694221 0.85675342 9.2896E-4 3.401E-5 3271 186 3.94 
(107,112) (189,154) 110 123 0.13357359 0.85675342 0.00134879 2.205E-5 1710 151 11.81 
(27,196) (44,122) 75 77 0.00591536 0.85675342 0.00145947 5.26E-6 74 38 2.66 
(77,261) (32,124) 138 145 0.01094482 0.85675342 0.00151068 2.482E-5 137 137 5.07 
(262,36) (76,238) NaN NaN NaN NaN NaN NaN NaN NaN NaN 
(179,264) (114,125) 249 268 0.54710089 0.85675342 0.00173228 1.6709E-4 6450 496 7.63 
(205,264) (255,72) 209 214 0.08154007 0.85675342 0.00207731 4.422E-5 1019 185 2.39 
(183,100) (146,206) 210 221 0.6964015 0.85675342 0.00161257 2.0398E-4 7948 558 5.23 
(108,162) (110,101) 62 63 0.04080002 0.85675342 9.8208E-4 3.61E-6 538 33 1.61 
(234,202) (178,142) 73 83 0.11893159 0.85675342 0.00180194 2.015E-5 1478 119 13.69 
(128,87) (114,125) 39 40 0.00537118 0.85675342 0.00187509 2.58E-6 72 18 2.56 
(191,103) (267,137) 77 80 0.01210038 0.85675342 0.00217363 8.11E-6 150 49 3.89 
(211,94) (56,239) 288 300 0.97477708 0.85675342 0.00210637 3.3912E-4 10823 735 4.16 
(55,257) (289,110) 305 323 1.02111887 0.85675342 0.00131143 4.3014E-4 11369 868 5.9 
(218,187) (32,206) 233 244 0.51637488 0.85675342 0.00218004 1.6897E-4 6142 514 4.72 
(55,178) (117,225) 107 114 0.09579368 0.85675342 0.00230719 1.422E-5 1195 89 6.54 
(183,250) (46,229) 259 273 0.32926225 0.85675342 0.00206632 8.69E-5 3992 350 5.4 
(38,123) (29,126) 10 13 7.5415E-4 0.85675342 0.00209622 4.9E-7 9 3 30.0 
(181,51) (101,211) 282 305 0.75903468 0.85675342 0.00191759 2.4864E-4 8150 617 8.15 
(86,86) (229,259) 226 242 0.28644358 0.85675342 0.0010253 7.415E-5 3488 306 7.07 
(270,140) (219,158) 52 56 0.00478328 0.85675342 0.00109369 5.22E-6 62 38 7.69 
(198,239) (70,251) 133 141 0.04724388 0.85675342 0.00107802 1.347E-5 622 103 6.01 
(270,94) (51,107) 220 242 0.72266097 0.85675342 0.0018498 2.4598E-4 8300 627 10.0 
(265,67) (213,112) 53 59 0.00411379 0.85675342 0.00198356 3.4E-6 52 27 11.32 
(62,104) (206,266) 270 287 1.44245348 0.85675342 0.00203166 5.3682E-4 14570 929 6.29 
(195,277) (100,121) NaN NaN NaN NaN NaN NaN NaN NaN NaN 
(48,166) (39,183) 18 19 0.00138858 0.85675342 0.0021774 1.02E-6 17 6 5.55 
(176,174) (31,138) 208 222 0.29703716 0.85675342 0.00195353 7.997E-5 3762 325 6.73 
(109,187) (228,217) 127 136 0.17350224 0.85675342 0.00208984 2.916E-5 2218 186 7.08 
(190,73) (149,104) NaN NaN NaN NaN NaN NaN NaN NaN NaN 
(87,176) (54,190) 125 132 0.22299192 0.85675342 0.00181182 3.606E-5 2799 190 5.6 
(49,183) (48,176) 8 8 5.6069E-4 0.85675342 0.00280619 6.2E-7 7 3 0.0 
(109,157) (246,266) 216 228 0.46505729 0.85675342 0.00184623 1.2065E-4 5628 432 5.55 
(165,90) (23,185) 277 302 0.82040827 0.85675342 0.00151953 3.3383E-4 9280 741 9.02 
(230,169) (242,122) 48 49 0.00396795 0.85675342 0.00106205 3.23E-6 49 21 2.08 
(179,173) (9,126) 230 251 0.53283148 0.85675342 0.00165308 1.1674E-4 6389 420 9.13 
(229,27) (216,100) 131 141 0.11695879 0.85675342 0.00135903 1.577E-5 1484 122 7.63 
(230,254) (236,258) 7 7 4.7279E-4 0.85675342 0.0022144 3.3E-7 6 1 0.0 
(115,30) (131,96) 76 80 0.02115521 0.85675342 0.00144902 7.32E-6 296 59 5.26 
(268,83) (225,26) 179 191 0.49910897 0.85675342 0.00198859 1.2078E-4 5904 424 6.7 
(247,131) (294,114) 51 56 0.08233764 0.85675342 0.00207566 1.196E-5 1011 80 9.8 
(79,176) (236,106) 200 216 0.36911256 0.85675342 0.00107463 9.172E-5 4582 357 8.0 
(237,232) (108,151) 171 178 0.33836 0.85675342 0.00213406 8.891E-5 4101 316 4.09 
(111,239) (236,101) 252 260 0.58294951 0.85675342 0.00175282 1.6851E-4 7014 503 3.17 
(30,179) (33,178) 4 4 2.4649E-4 0.85675342 0.00111927 6.8E-7 3 1 0.0 
(202,163) (238,107) 57 60 0.00574679 0.85675342 0.00223931 7.89E-6 73 39 5.26 
(113,159) (221,120) 157 167 0.26511647 0.85675342 0.00167263 5.514E-5 3312 262 6.36 
(61,101) (110,155) 133 139 0.27641594 0.85675342 0.00162686 4.277E-5 3436 219 4.51 
(230,179) (229,112) 68 69 0.00537733 0.85675342 0.00105239 2.81E-6 67 14 1.47 
(73,90) (49,174) 85 88 0.00941715 0.85675342 0.00204065 8.35E-6 127 55 3.52 
(191,280) (3,125) 353 374 1.51936252 0.85675342 0.00164845 7.3776E-4 14934 1139 5.94 
(179,51) (83,249) 319 343 0.85393912 0.85675342 0.00203015 3.3882E-4 9396 735 7.52 
(35,170) (110,208) 110 118 0.25890131 0.85675342 0.00209081 3.718E-5 3095 178 7.27 
(100,82) (58,141) 60 70 0.00484471 0.85675342 0.00201636 5.44E-6 59 39 16.66 
(251,222) (215,155) 68 72 0.01893856 0.85675342 0.00211194 7.16E-6 230 46 5.88 
(179,137) (195,153) 22 25 0.00793474 0.85675342 0.00106122 1.82E-6 102 17 13.63 
(23,153) (224,271) 288 306 0.93324659 0.85675342 0.00166683 2.6026E-4 10350 669 6.25 
(233,156) (97,40) 153 170 0.21434405 0.85675342 0.00162615 6.688E-5 2588 283 11.11 
(269,123) (134,48) 233 248 0.9749792 0.85675342 0.00169365 3.6754E-4 11175 799 6.43 
(226,163) (114,191) 175 183 0.44352033 0.85675342 0.00215508 1.2234E-4 5318 415 4.57 
(125,89) (54,226) 170 178 0.2480989 0.85675342 0.00195674 7.561E-5 3146 305 4.7 
(97,43) (269,239) 208 231 0.08925817 0.85675342 0.00153097 5.739E-5 1157 266 11.05 
(96,195) (268,81) 236 251 0.48858398 0.85675342 0.00180582 1.3375E-4 5972 456 6.35 
(297,116) (43,171) 285 311 1.01189189 0.85675342 0.00206437 4.3485E-4 11261 874 9.12 
(271,74) (197,69) NaN NaN NaN NaN NaN NaN NaN NaN NaN 
(56,230) (185,247) 248 263 0.9235715 0.85675342 0.00187721 2.7431E-4 10428 690 6.04 
(226,225) (174,92) 139 147 0.2127764 0.85675342 0.00209032 5.524E-5 2611 244 5.75 
(266,92) (264,109) 18 18 0.00136405 0.85675342 0.00215123 6.3E-7 17 3 0.0 
(159,71) (40,157) 259 287 0.71201776 0.85675342 0.00166296 2.4874E-4 8181 621 10.81 
(79,252) (244,218) 173 187 0.30123924 0.85675342 0.00209616 5.9E-5 3736 295 8.09 
(83,249) (214,218) 139 148 0.22816649 0.85675342 0.00186278 4.062E-5 2854 209 6.47 
(127,56) (87,278) 244 256 0.73248323 0.85675342 0.00133813 2.3615E-4 8511 607 4.91 
(158,53) (77,231) 311 334 0.94729707 0.85675342 0.0016578 3.5311E-4 10493 739 7.39 
(116,254) (256,106) 254 269 0.27894784 0.85675342 0.00173034 1.215E-4 3513 400 5.9 
(117,209) (41,153) 132 140 0.2466691 0.85675342 0.00211663 5.133E-5 3100 235 6.06 
(228,141) (100,99) 129 136 0.08866786 0.85675342 0.00104319 3.334E-5 1112 168 5.42 
(172,94) (23,177) 262 286 0.76878664 0.85675342 0.00187202 2.8709E-4 8729 672 9.16 
(252,250) (40,183) 244 260 0.67100235 0.85675342 0.00195521 2.115E-4 7851 589 6.55 
(111,77) (60,130) 58 65 0.01369395 0.85675342 0.0010356 3.89E-6 175 32 12.06 
(114,123) (222,204) 145 156 0.09532229 0.85675342 0.00194149 3.415E-5 1236 179 7.58 
(60,188) (239,19) 369 401 2.47841109 0.85675342 2.9449E-4 0.00111317 21468 1458 8.67 
(184,260) (109,173) 210 225 0.27957994 0.85675342 0.00179783 6.578E-5 3402 303 7.14 
(224,272) (53,229) 222 234 0.3311893 0.85675342 0.0017779 8.107E-5 4086 348 5.4 
(105,261) (187,214) 122 130 0.05935073 0.85675342 0.00169128 1.134E-5 802 93 6.55 
(119,251) (114,270) 23 28 0.00723226 0.85675342 0.00100699 1.8E-6 102 18 21.73 
(181,276) (42,194) 280 299 0.59062125 0.85675342 0.00202471 1.8841E-4 6934 546 6.78 
(123,197) (209,118) 197 208 0.48516964 0.85675342 0.00211348 1.2372E-4 5831 440 5.58 
(201,97) (45,203) 276 297 1.07768767 0.85675342 0.00197414 4.7346E-4 11557 904 7.6 
(188,68) (218,207) NaN NaN NaN NaN NaN NaN NaN NaN NaN 
(147,104) (245,235) 141 155 0.01784373 0.85675342 0.00192887 3.071E-5 224 174 9.92 
(263,235) (160,214) 116 122 0.16490163 0.85675342 0.00193844 3.129E-5 2007 165 5.17 
(290,54) (46,209) NaN NaN NaN NaN NaN NaN NaN NaN NaN 
(47,197) (175,178) 146 161 0.16047689 0.85675342 0.00189136 5.325E-5 1950 209 10.27 
(120,99) (51,161) 121 129 0.16535238 0.85675342 0.00106991 4.135E-5 2080 202 6.61 
(116,58) (250,86) 176 190 0.22728991 0.85675342 0.00174188 6.109E-5 2845 270 7.95 
(31,116) (175,122) 145 158 0.201134 0.85675342 0.00157271 4.324E-5 2466 205 8.96 
(267,238) (26,176) 270 286 0.75766138 0.85675342 0.00216267 2.9207E-4 8609 654 5.92 
(206,162) (191,157) 16 17 0.00123929 0.85675342 0.00226069 1.21E-6 15 4 6.25 
(242,131) (163,73) 86 93 0.09383282 0.85675342 0.00205706 1.676E-5 1134 85 8.13 
(172,96) (71,93) 198 215 0.41963717 0.85675342 0.00195773 1.1618E-4 4935 398 8.58 
(94,168) (272,141) 210 223 0.3426752 0.85675342 0.00144423 8.705E-5 4186 343 6.19 
(203,275) (47,138) 314 332 1.147097 0.85675342 0.00208972 5.4727E-4 12220 961 5.73 
(53,222) (74,83) 142 146 0.14160732 0.85675342 0.00154102 2.039E-5 1741 112 2.81 
(230,253) (256,251) 27 27 0.00415187 0.85675342 0.00205013 1.39E-6 51 7 0.0 
(248,150) (36,149) 214 235 0.64803802 0.85675342 0.00105433 2.3196E-4 7441 585 9.81 
(98,232) (113,213) 20 22 0.00157736 0.85675342 0.0022128 2.01E-6 19 8 10.0 
(126,199) (95,40) 160 166 0.16184832 0.85675342 5.828E-4 3.852E-5 2033 189 3.75 
(249,92) (146,105) 116 128 0.33741208 0.85675342 0.00204879 7.149E-5 3967 289 10.34 
(229,54) (52,184) NaN NaN NaN NaN NaN NaN NaN NaN NaN 
(184,222) (267,124) 140 152 0.05855196 0.85675342 0.0019084 2.393E-5 740 130 8.57 
(56,171) (52,138) 34 40 0.00273096 0.85675342 0.00209327 3.16E-6 33 21 17.64 
(207,128) (262,123) 56 56 0.00451737 0.85675342 0.00195278 3.39E-6 55 14 0.0 
(211,111) (105,81) 138 149 0.31870634 0.85675342 0.00201411 7.241E-5 3799 300 7.97 
(170,223) (46,221) 125 133 0.12311286 0.85675342 0.00180705 1.988E-5 1539 132 6.4 
(122,99) (117,268) 184 194 0.37883012 0.85675342 0.00156222 7.758E-5 4588 321 5.43 
(84,96) (70,257) 162 168 0.09046197 0.85675342 0.00207124 1.646E-5 1141 97 3.7 
(46,211) (25,133) 79 86 0.00643985 0.85675342 0.00189307 8.99E-6 78 56 8.86 
(197,68) (261,98) NaN NaN NaN NaN NaN NaN NaN NaN NaN 
(207,163) (239,84) 80 83 0.00916891 0.85675342 0.00206258 1.015E-5 113 52 3.75 
(55,179) (81,95) 85 88 0.00509729 0.85675342 0.00206319 7.51E-6 84 49 3.52 
(237,19) (210,90) 141 153 0.12777263 0.85675342 7.6479E-4 1.863E-5 1577 133 8.51 
(51,108) (49,107) 3 5 1.5585E-4 0.85675342 0.00137348 4.8E-7 2 3 66.66 
(214,145) (43,149) 180 196 0.49976645 0.85675342 0.00213823 1.4739E-4 5805 455 8.88 
(50,102) (36,203) 111 115 0.02544279 0.85675342 0.00201216 1.537E-5 334 98 3.6 
(186,105) (126,213) 227 238 0.74774284 0.85675342 0.00181458 2.5871E-4 8374 598 4.84 
(239,166) (137,83) 112 122 0.13304847 0.85675342 0.00180982 2.592E-5 1615 152 8.92 
(254,108) (176,89) 82 87 0.10905405 0.85675342 0.00107865 1.597E-5 1317 85 6.09 
(96,237) (57,205) 59 63 0.05538477 0.85675342 0.00215223 8.12E-6 691 60 6.77 
(222,226) (102,53) 185 198 0.20861383 0.85675342 0.00213273 5.703E-5 2532 264 7.02 
(194,106) (70,236) 262 277 0.94198189 0.85675342 0.00214793 3.0205E-4 10117 700 5.72 
(223,93) (57,208) 285 302 1.44209749 0.85675342 0.00211407 5.6773E-4 14344 1005 5.96 
(201,262) (211,218) 69 75 0.06417828 0.85675342 0.00175218 9.01E-6 793 73 8.69